10
37
57
57
28
85
85
85
112
110
113
113
113
113
115
115
111
113
114
114
115
115
142
142
141
57
142
142
142
142
146
146
143
143
142
142
140
171
144
144
143
143
172
172
172
172
174
174
172
170
172
172
172
172
174
174
173
173
174
174
174
174
177
177
171
173
171
171
171
171
171
171
170
170
172
172
172
172
201
201
199
86
174
174
174
174
201
201
200
200
201
201
201
201
204
204
201
201
200
200
198
200
202
202
201
201
202
202
202
202
206
206
204
204
204
204
204
204
206
206
205
203
206
206
206
206
211
211
206
206
203
203
203
203
202
202
201
201
202
202
202
202
202
202
141
201
201
201
201
201
231
231
230
230
231
231
231
231
236
236
233
233
232
232
232
232
233
233
232
230
233
233
233
233
237
237
235
235
235
235
235
235
206
206
205
205
206
206
206
206
239
239
235
235
233
233
174
206
206
206
205
205
206
206
206
206
237
237
235
235
235
235
235
235
238
238
237
237
238
238
238
238
239
239
236
234
235
235
235
235
236
236
235
235
236
236
236
236
239
239
237
237
237
237
237
237
239
239
238
238
239
239
239
239
243
243
Simulation from testbench completed!
